{
  "robot_x": 0.864094595620271,
  "robot_y": 0.4661964787872746,
  "robot_theta": 0
}